1134864629895181894 0 0 0
1134864630105179071 -0.000866331 -0.000166034 6.28973e-05
1134864630325184106 -0.00186452 -0.00195162 0.000422166
1134864630535181045 -0.00129389 -0.00258333 0.000421458
1134864630745187997 0.000242264 0.000243566 -4.42734e-05
1134864630966178894 -0.0014965 0.00434548 -0.0014355
1134864631175178050 0.00140987 0.00277946 -0.000715395
1134864631386178970 0.000925739 0.00214772 -0.000484711
1134864631606184005 0.00145167 0.00276684 -0.000548985
1134864631816180944 -0.000279197 0.00161703 -0.000496244
1134864632026182889 0.00364361 0.00336581 -0.000698545
1134864632246206998 0.00108956 0.00277166 -0.000716892
1134864632456211090 0.00395661 0.00285481 -0.000668489
1134864632666322946 0.0024257 0.00552593 -0.00153495
1134864632886209964 0.00346458 0.00409089 -0.000703881
1134864633095199108 0.000179083 0.00220285 -0.000384681
1134864633305200099 0.00171861 8.72122e-05 0.00034093
1134864633524218082 0.00030276 0.00211346 -0.00047219
1134864633734186887 0.000472707 0.00122233 -0.000211882
1134864633944184064 -0.000121578 0.00107552 -0.000129049
1134864634165184974 8.87218e-05 0.00115053 -0.000297834
1134864634375185966 0.00375649 0.00390904 -0.000820124
1134864634585186004 0.00270379 0.00414948 -0.000972141
1134864634804188966 -2.90881e-05 0.00313517 -0.000592468
1134864635014189004 -0.000242982 0.000507493 -0.000359896
1134864635224184036 0.00343922 0.00451356 -0.00104479
1134864635444180965 0.00205466 0.00658516 -0.00165612
1134864635655184984 0.00235971 0.00600982 -0.00142246
1134864635865185022 0.000615997 0.00297468 -0.000462836
1134864636085182905 0.000597762 0.00180594 -0.000271191
1134864636294184923 0.00260543 0.00534412 -0.00129468
1134864636504179954 0.00296204 0.00644325 -0.00140016
1134864636724183082 0.0020633 0.00602608 -0.00152031
1134864636934181928 0.00292453 0.00203616 -0.000167698
1134864637154180049 0.00121392 0.001122 -0.000116927
1134864637365184068 0.00234169 0.000851227 -7.60933e-05
1134864637575181007 0.00253622 0.0048799 -0.0011755
1134864637795183897 0.00234392 0.00419677 -0.000930336
1134864638004182100 0.00109465 0.0013292 -0.000297413
1134864638215183973 0.00282296 0.00245378 -0.000683882
1134864638434180021 0.00290127 0.00481238 -0.00116129
1134864638645265102 0.0029578 0.0051793 -0.00140674
1134864638854207992 0.0029075 0.00363034 -0.000974065
1134864639074206113 0.00274271 0.00466281 -0.00103084
1134864639284204959 7.59819e-06 0.00177128 -0.000402497
1134864639494204044 0.00079504 0.00261436 -0.00081629
1134864639715202093 0.00174686 0.00460865 -0.00120142
1134864639923233032 0.00251717 0.00567543 -0.00103864
1134864640134180068 -8.907e-05 0.00193474 -0.000696135
1134864640354177951 0.00420013 0.00478064 -0.000880862
1134864640564182043 0.00220149 0.00488525 -0.0012911
1134864640774617910 0.00473312 0.0052039 -0.00107946
1134864640994177103 0.00314753 0.00595588 -0.00137726
1134864641204226016 0.00323863 0.00379627 -0.000198644
1134864641414177894 0.00144879 0.00367042 -9.31186e-05
1134864641634187936 0.00290949 0.00240884 0.00287955
1134864641844187021 0.00293415 0.0060077 0.0341141
1134864642054186105 0.0061131 0.00345499 0.108474
1134864642273180007 0.0210462 0.00360091 0.192371
1134864642484184026 0.0469327 0.00976699 0.297105
1134864642693811893 0.0985891 0.0213426 0.427641
1134864642914186954 0.16069 0.0495811 0.568181
1134864643124181985 0.222365 0.0854529 0.774124
1134864643333185911 0.286006 0.149387 1.05934
1134864643553179979 0.329879 0.228394 1.33342
1134864643764189004 0.355671 0.316305 1.54525
1134864643974189043 0.356218 0.408723 1.76598
1134864644193186998 0.340003 0.506171 2.01519
1134864644404179096 0.29583 0.58984 2.25627
1134864644614190101 0.224022 0.653232 2.47385
1134864644834189891 0.147109 0.716294 2.68497
1134864645044181108 0.0549041 0.770225 2.83921
1134864645254180908 -0.0527952 0.799515 2.96477
1134864645474200963 -0.178083 0.820157 3.10274
1134864645683202028 -0.311671 0.824449 -3.04509
1134864645903209924 -0.453299 0.810007 -2.91817
1134864646114202976 -0.602433 0.771452 -2.74876
1134864646324202060 -0.745253 0.707443 -2.67762
1134864646543210029 -0.897403 0.63652 -2.67799
1134864646752209901 -1.05525 0.564783 -2.67178
1134864646963181972 -1.20928 0.491477 -2.65631
1134864647183185100 -1.35421 0.415093 -2.61288
1134864647393182039 -1.50186 0.335817 -2.58953
1134864647603187084 -1.64007 0.250192 -2.59271
1134864647823183059 -1.77376 0.166473 -2.59243
1134864648033183097 -1.91128 0.0887681 -2.59938
1134864648243185997 -2.04635 0.0162864 -2.67603
1134864648463226079 -2.17744 -0.0409854 -2.74086
1134864648673543930 -2.31916 -0.0914714 -2.66373
1134864648882181882 -2.45927 -0.171626 -2.52907
1134864649102184057 -2.59404 -0.255634 -2.42669
1134864649313182115 -2.72336 -0.358257 -2.37326
1134864649523181915 -2.84381 -0.466759 -2.36823
1134864649742180109 -2.96097 -0.581749 -2.37267
1134864649952179908 -3.07649 -0.697294 -2.38779
1134864650162187099 -3.20015 -0.819188 -2.4327
1134864650381948947 -3.32867 -0.918682 -2.49964
1134864650592566013 -3.46185 -1.01683 -2.62806
1134864650803181886 -3.62111 -1.09405 -2.80303
1134864651023181915 -3.7789 -1.14866 -2.97551
1134864651233181953 -3.94246 -1.16134 -3.09855
1134864651443182945 -4.11178 -1.16633 3.08
1134864651663183927 -4.26836 -1.14318 2.9744
1134864651872211933 -4.41935 -1.10711 2.91288
1134864652082201957 -4.56709 -1.06725 2.90336
1134864652302339076 -4.71769 -1.02925 2.87501
1134864652512211084 -4.85158 -0.985327 2.86667
1134864652723206043 -4.99298 -0.947262 2.85769
1134864652943203926 -5.12931 -0.904401 2.80783
1134864653152193069 -5.26241 -0.872962 2.69489
1134864653362184047 -5.37738 -0.798857 2.49082
1134864653581187009 -5.45763 -0.723579 2.23101
1134864653791182994 -5.51603 -0.640709 1.93064
1134864654012228965 -5.54202 -0.551716 1.56506
1134864654222181081 -5.53597 -0.478367 1.18972
1134864654433515071 -5.52233 -0.416834 0.796969
1134864654651181936 -5.49747 -0.377131 0.351216
1134864654861180067 -5.47552 -0.370875 -0.0928596
1134864655071176052 -5.45291 -0.355121 -0.451831
1134864655291187047 -5.44012 -0.373865 -0.69039
1134864655501185894 -5.40125 -0.401363 -0.906542
1134864655712178945 -5.36737 -0.449071 -0.999763
1134864655932183027 -5.31817 -0.519558 -1.03358
1134864656141182899 -5.26857 -0.610943 -1.0244
1134864656352181911 -5.20484 -0.712639 -1.0168
1134864656571223020 -5.13188 -0.845656 -0.99211
1134864656782181024 -5.03829 -0.978839 -0.990525
1134864656992192029 -4.94027 -1.13797 -1.02873
1134864657211180925 -4.85222 -1.30218 -1.16285
1134864657421175956 -4.79548 -1.47469 -1.43639
1134864657631179094 -4.77522 -1.65155 -1.71319
1134864657852180957 -4.80581 -1.8226 -1.93676
1134864658062187910 -4.88183 -1.97107 -2.14511
1134864658271181106 -4.98689 -2.10975 -2.32216
1134864658492180109 -5.11362 -2.23073 -2.47944
1134864658701199054 -5.26833 -2.31498 -2.60027
1134864658912214994 -5.43557 -2.42304 -2.58951
1134864659131223917 -5.5965 -2.51964 -2.44801
1134864659341207027 -5.72896 -2.6436 -2.21111
1134864659550249099 -5.82793 -2.77305 -2.02199
1134864659770219087 -5.89655 -2.93561 -1.81864
1134864659981178998 -5.94073 -3.10139 -1.56493
1134864660190186023 -5.93998 -3.27514 -1.36541
1134864660410187005 -5.90891 -3.44521 -1.24337
1134864660620179891 -5.85365 -3.61475 -1.28944
1134864660830934047 -5.82697 -3.78871 -1.50754
1134864661051182031 -5.81948 -3.95635 -1.80124
1134864661261181116 -5.87008 -4.10348 -2.10305
1134864661481177091 -5.94322 -4.22251 -2.36995
1134864661690176010 -6.04402 -4.31391 -2.50917
1134864661901187896 -6.15275 -4.38201 -2.5648
1134864662120182037 -6.25362 -4.4448 -2.50224
1134864662330178022 -6.34731 -4.51349 -2.30785
1134864662541188955 -6.42274 -4.59245 -2.01103
1134864662761183977 -6.46126 -4.67986 -1.71526
1134864662971189975 -6.47849 -4.78429 -1.41006
1134864663180181026 -6.46424 -4.89165 -1.11178
1134864663400180101 -6.40794 -4.98851 -0.785945
1134864663611183881 -6.3336 -5.06273 -0.51102
1134864663821190118 -6.24005 -5.11479 -0.241636
1134864664040179014 -6.12445 -5.14096 0.0539199
1134864664250174999 -6.00276 -5.13099 0.260976
1134864664460181951 -5.87017 -5.09874 0.307771
1134864664680181980 -5.72673 -5.06195 0.30849
1134864664890181064 -5.56767 -5.01303 0.272665
1134864665101207971 -5.40362 -4.97403 0.182663
1134864665321207046 -5.2313 -4.93988 0.124847
1134864665530205011 -5.04745 -4.91439 0.0881299
1134864665740206956 -4.87001 -4.91363 0.0913562
1134864665960205078 -4.69383 -4.90961 0.140128
1134864666170212030 -4.54243 -4.89371 0.135096
1134864666379220962 -4.40788 -4.8805 0.0857333
1134864666600191116 -4.28226 -4.87511 0.118169
1134864666810178995 -4.16385 -4.84809 0.0889447
1134864667019181013 -4.03268 -4.83959 -0.0488846
1134864667239181995 -3.9008 -4.84452 -0.295051
1134864667450248956 -3.78037 -4.89253 -0.579973
1134864667660190105 -3.67268 -4.97211 -0.849717
1134864667880188941 -3.60016 -5.06927 -1.13356
1134864668090543985 -3.5477 -5.21051 -1.30679
1134864668300188064 -3.51613 -5.34948 -1.33997
1134864668519184112 -3.48415 -5.48704 -1.37795
1134864668729178905 -3.46272 -5.63081 -1.35716
1134864668939182996 -3.43246 -5.76468 -1.25973
1134864669160181999 -3.39178 -5.90113 -1.07431
1134864669369177103 -3.31844 -6.02112 -0.86806
1134864669580178976 -3.22591 -6.12954 -0.661802
1134864669800179958 -3.1107 -6.21277 -0.47272
1134864670009181022 -2.98424 -6.27977 -0.352342
1134864670220182895 -2.84749 -6.32687 -0.370732
1134864670439181089 -2.7148 -6.37685 -0.490394
1134864670650178909 -2.59821 -6.45242 -0.677545
1134864670870183944 -2.49997 -6.54501 -0.910238
1134864671080187082 -2.4232 -6.65208 -1.07951
1134864671290178060 -2.37273 -6.76408 -1.18567
1134864671509181022 -2.32707 -6.87414 -1.32037
1134864671720201015 -2.29198 -6.97454 -1.55567
1134864671929207086 -2.2935 -7.07443 -1.82258
1134864672149209976 -2.32047 -7.1716 -2.09141
1134864672359210014 -2.37456 -7.24844 -2.32903
1134864672569216012 -2.43705 -7.31534 -2.47856
1134864672788233995 -2.51309 -7.36239 -2.57473
1134864672998208045 -2.59226 -7.40833 -2.59129
1134864673209184885 -2.66624 -7.46219 -2.6025
1134864673428181886 -2.74447 -7.50537 -2.66195
1134864673638184070 -2.82522 -7.54217 -2.7325
1134864673849191904 -2.90437 -7.56786 -2.70898
1134864674069180965 -2.97233 -7.59972 -2.59355
1134864674279181957 -3.03631 -7.62802 -2.41128
1134864674489183902 -3.08125 -7.66487 -2.1599
1134864674709182977 -3.1128 -7.70483 -1.94539
1134864674919181108 -3.13698 -7.73458 -1.7573
1134864675128180980 -3.14331 -7.7639 -1.58626
1134864675348186969 -3.14935 -7.77281 -1.42168
1134864675558178901 -3.1538 -7.78214 -1.22063
1134864675768276929 -3.16494 -7.78347 -0.979368
1134864675989183902 -3.16819 -7.79006 -0.708854
1134864676198187112 -3.17507 -7.79563 -0.455985
1134864676409182071 -3.17487 -7.80256 -0.250514
1134864676628180980 -3.175 -7.80925 -0.0374307
1134864676838179111 -3.1712 -7.82673 0.168791
1134864677049185037 -3.17127 -7.83588 0.37276
1134864677268177986 -3.16698 -7.84507 0.605037
1134864677479182004 -3.1621 -7.84173 0.903694
1134864677689929008 -3.14777 -7.84475 1.19109
1134864677908179044 -3.13609 -7.81784 1.38347
1134864678118180036 -3.12379 -7.77713 1.62383
1134864678328201055 -3.12442 -7.72413 1.7462
1134864678548199892 -3.13808 -7.65166 1.74226
1134864678759202957 -3.14786 -7.5774 1.74151
1134864678979206085 -3.16247 -7.48683 1.69817
1134864679188198089 -3.1712 -7.39238 1.59745
1134864679397239923 -3.16996 -7.29924 1.50178
1134864679618186950 -3.16003 -7.18557 1.47884
1134864679829184055 -3.14945 -7.08569 1.48234
1134864680038536071 -3.13581 -6.97295 1.51389
1134864680258186101 -3.12601 -6.8553 1.63524
1134864680468183040 -3.1417 -6.7358 1.75765
1134864680678179979 -3.12581 -6.65719 1.88383
1134864680897181034 -3.19196 -6.45316 1.84119
1134864681107187032 -3.23353 -6.30726 1.91156
1134864681317183971 -3.29413 -6.1638 1.91747
1134864681537178993 -3.35008 -6.00186 1.898
1134864681748188972 -3.39776 -5.84373 1.83475
1134864681958185911 -3.43408 -5.68058 1.64455
1134864682180223941 -3.43328 -5.51896 1.49505
1134864682387224912 -3.4187 -5.34093 1.35805
1134864682598182916 -3.36913 -5.1814 1.32616
1134864682818178892 -3.31983 -5.02523 1.37807
1134864683028188943 -3.28341 -4.85791 1.51702
1134864683237179994 -3.27473 -4.68093 1.70177
1134864683458188056 -3.3011 -4.51255 1.85911
1134864683668184041 -3.34611 -4.34025 2.00366
1134864683877191066 -3.42736 -4.1609 2.10615
1134864684098505020 -3.52368 -3.99439 2.20867
1134864684308188915 -3.63958 -3.83919 2.24805
1134864684517180919 -3.75926 -3.68667 2.24657
1134864684737180948 -3.88378 -3.53173 2.24643
1134864684947213888 -4.00494 -3.36688 2.20628
1134864685157198905 -4.12485 -3.20861 2.07115
1134864685377202987 -4.21191 -3.02484 1.90313
1134864685587201118 -4.26387 -2.82858 1.74954
1134864685798208951 -4.2915 -2.63074 1.58617
1134864686016221046 -4.28837 -2.4305 1.38917
1134864686227514028 -4.24098 -2.24301 1.15233
1134864686436383962 -4.15414 -2.0813 0.880412
1134864686656178951 -4.02695 -1.95315 0.611305
1134864686866179943 -3.88362 -1.8557 0.393792
1134864687086179018 -3.72569 -1.79634 0.356324
1134864687296176910 -3.55053 -1.74004 0.471143
1134864687506180047 -3.39903 -1.64829 0.670767
1134864687726177930 -3.24845 -1.52399 0.860477
1134864687936187982 -3.11125 -1.37635 0.998449
1134864688145963907 -3.01056 -1.21374 1.09272
1134864688366183042 -2.91879 -1.04809 1.13553
1134864688577183008 -2.82884 -0.870822 1.1688
1134864688787182092 -2.75088 -0.694378 1.18019
1134864689006180047 -2.67167 -0.517235 1.12892
1134864689217179059 -2.57965 -0.339935 1.01866
1134864689427181959 -2.45322 -0.159874 0.871961
1134864689646187067 -2.31997 -5.92599e-05 0.654761
1134864689857184886 -2.13928 0.110886 0.516443
1134864690067183971 -1.94794 0.207633 0.439027
1134864690286185026 -1.74806 0.293562 0.347356
1134864690496184110 -1.54454 0.354342 0.293769
1134864690706186056 -1.33773 0.414569 0.271162
1134864690926181077 -1.1209 0.459946 0.274532
1134864691137182950 -0.912646 0.515981 0.288213
1134864691346183061 -0.703409 0.582323 0.31285
1134864691566212892 -0.484 0.650865 0.357305
1134864691777203083 -0.288346 0.725799 0.367412
1134864691987202882 -0.0940934 0.80056 0.371247
1134864692207205057 0.104183 0.868599 0.376077
1134864692417202949 0.298638 0.939582 0.387921
1134864692626194000 0.49726 1.01856 0.396512
1134864692846179008 0.694793 1.09623 0.427276
1134864693055181026 0.892097 1.18076 0.437594
1134864693265177011 1.09151 1.26823 0.437132
1134864693485182046 1.28447 1.34813 0.41673
1134864693695180892 1.47573 1.42785 0.390633
1134864693905181884 1.66554 1.4976 0.365289
1134864694126179933 1.85482 1.56887 0.330171
1134864694336186885 2.04033 1.62659 0.277799
1134864694546185970 2.2298 1.66641 0.167633
1134864694766182899 2.43025 1.68663 0.0502006
1134864694975178956 2.62577 1.68613 -0.0719497
1134864695195178031 2.82202 1.67127 -0.177495
1134864695405184030 3.01389 1.63059 -0.311142
1134864695616179943 3.18973 1.5676 -0.483295
1134864695835180997 3.34274 1.47362 -0.664866
1134864696046190977 3.47428 1.34995 -0.867323
1134864696256181001 3.58254 1.20569 -1.0956
1134864696476176023 3.65726 1.0346 -1.25773
1134864696685189008 3.70789 0.857227 -1.36016
1134864696896188020 3.73384 0.668578 -1.43879
1134864697115186929 3.75614 0.478967 -1.48872
1134864697324599027 3.7647 0.283683 -1.4953
1134864697536187887 3.77582 0.0903847 -1.49013
1134864697756181001 3.78742 -0.10118 -1.45775
1134864697966203927 3.80262 -0.285887 -1.35222
1134864698176203012 3.84955 -0.457777 -1.23056
1134864698396204948 3.91081 -0.618406 -1.04347
1134864698605207920 3.99693 -0.761141 -0.857763
1134864698816205978 4.10342 -0.882048 -0.648238
1134864699035208940 4.23067 -0.980255 -0.463565
1134864699244566917 4.36837 -1.05456 -0.34789
1134864699454201936 4.51811 -1.10747 -0.226354
1134864699674184083 4.66376 -1.14295 -0.0941229
1134864699884179115 4.82171 -1.16117 0.0578459
1134864700094181060 4.97788 -1.15383 0.223521
1134864700314178943 5.11381 -1.1204 0.402057
1134864700525182008 5.24587 -1.06015 0.629186
1134864700735186100 5.35017 -0.977533 0.836874
1134864700954181909 5.44305 -0.879913 0.983305
1134864701165184974 5.5125 -0.777048 1.14575
1134864701375181913 5.55695 -0.673112 1.34173
1134864701594182014 5.58316 -0.579051 1.54008
1134864701805179119 5.58289 -0.496508 1.69362
1134864702015181064 5.5727 -0.425003 1.87522
1134864702234179019 5.55159 -0.36213 2.09789
1134864702444181919 5.52653 -0.315547 2.32753
1134864702654177904 5.50197 -0.282172 2.56597
1134864702874217987 5.48353 -0.265948 2.81685
1134864703085182905 5.48484 -0.25725 3.08346
1134864703294179916 5.4828 -0.251244 -2.95739
1134864703514183044 5.48142 -0.246838 -2.72633
1134864703724180936 5.47196 -0.243943 -2.50267
1134864703945184946 5.4588 -0.246859 -2.24067
1134864704155180931 5.44521 -0.259759 -1.96176
1134864704365183115 5.4313 -0.289635 -1.74266
1134864704585203886 5.4181 -0.342134 -1.62454
1134864704794204950 5.40861 -0.425929 -1.62399
1134864705005558013 5.40018 -0.520534 -1.67254
1134864705225199937 5.38673 -0.622543 -1.79151
1134864705434215068 5.35399 -0.734881 -2.00189
1134864705644220113 5.30328 -0.842972 -2.28756
1134864705863203048 5.20472 -0.929369 -2.53107
1134864706074189901 5.10637 -0.99656 -2.70489
1134864706284183025 4.98173 -1.04533 -2.88184
1134864706504185914 4.85388 -1.07175 -3.07848
1134864706714925050 4.7157 -1.0668 3.04592
1134864706923177003 4.57265 -1.04563 2.9359
1134864707143186092 4.41732 -1.00243 2.85076
1134864707354187011 4.26109 -0.95167 2.66434
1134864707564179897 4.1183 -0.879225 2.45192
1134864707784181118 3.99693 -0.762281 2.27366
1134864707994227886 3.90549 -0.640545 2.08758
1134864708203218936 3.83548 -0.496551 1.91644
1134864708423178911 3.79254 -0.346135 1.78099
1134864708634181022 3.76926 -0.180919 1.7001
1134864708844185113 3.75008 -0.00978045 1.6549
1134864709063183069 3.74877 0.170327 1.65328
1134864709273183107 3.72582 0.355869 1.64105
1134864709484179973 3.72057 0.544361 1.61996
1134864709704189062 3.7135 0.735537 1.57779
1134864709914180994 3.71923 0.929401 1.50878
1134864710123177051 3.74216 1.1156 1.45145
1134864710344188928 3.76674 1.30282 1.42759
1134864710554192066 3.80259 1.49282 1.41963
1134864710764223098 3.83426 1.6741 1.39014
1134864710983181953 3.87829 1.86139 1.29204
1134864711193206071 3.94041 2.03936 1.1637
1134864711403202056 4.02135 2.20691 1.08274
1134864711624205112 4.10831 2.36209 0.957791
1134864711834202051 4.22189 2.49714 0.831184
1134864712054203033 4.34723 2.61895 0.740933
1134864712262233018 4.48071 2.72699 0.561765
1134864712472212076 4.65085 2.7972 0.338859
1134864712693532943 4.81089 2.83358 0.0903218
1134864712903179883 4.97638 2.82108 -0.0649458
1134864713113178014 5.13338 2.81048 -0.169462
1134864713333179950 5.30398 2.77291 -0.201996
1134864713543178081 5.4943 2.73639 -0.205437
1134864713753185033 5.6661 2.69524 -0.226048
1134864713973182916 5.85259 2.64714 -0.267303
1134864714183180093 6.01872 2.59185 -0.311527
1134864714392179012 6.20282 2.53228 -0.338044
1134864714612183094 6.39223 2.46522 -0.329865
1134864714822594881 6.57419 2.39387 -0.345772
1134864715033179998 6.75593 2.32763 -0.411575
1134864715253179073 6.9472 2.23721 -0.512134
1134864715463180065 7.12932 2.12667 -0.64119
1134864715673182964 7.2879 2.00586 -0.76905
1134864715892178058 7.43776 1.8518 -0.886746
1134864716102179050 7.5657 1.68827 -1.0031
1134864716312180042 7.66973 1.50028 -1.12174
1134864716532243967 7.75214 1.31765 -1.24454
1134864716743185043 7.81487 1.11389 -1.37711
1134864716952183008 7.84347 0.89387 -1.50523
1134864717172183036 7.85032 0.677686 -1.57516
1134864717383178949 7.83937 0.460915 -1.58315
1134864717592180967 7.83305 0.235904 -1.59969
1134864717813205003 7.81764 0.00883646 -1.6329
1134864718023200988 7.79864 -0.214996 -1.63419
1134864718233201980 7.77388 -0.458919 -1.62787
1134864718453202962 7.75408 -0.699374 -1.62474
1134864718662210941 7.73528 -0.934436 -1.61856
1134864718871247053 7.71923 -1.18171 -1.60868
1134864719092184066 7.70527 -1.42917 -1.59395
1134864719302179098 7.69169 -1.6739 -1.59075
1134864719512181043 7.68433 -1.92019 -1.59381
1134864719732180118 7.6775 -2.16369 -1.59609
1134864719942181110 7.67535 -2.4151 -1.5832
1134864720162175893 7.65597 -2.65596 -1.58282
1134864720372180938 7.64549 -2.89575 -1.56765
1134864720583515882 7.64263 -3.13953 -1.56486
1134864720801182031 7.63878 -3.37764 -1.5702
1134864721012177944 7.63409 -3.6199 -1.55804
1134864721221182107 7.63926 -3.87713 -1.54071
1134864721442178964 7.63881 -4.13865 -1.54792
1134864721651176929 7.63635 -4.39698 -1.55397
1134864721861181020 7.6337 -4.65375 -1.55836
1134864722081177949 7.63154 -4.90266 -1.55777
1134864722291179895 7.63143 -5.16078 -1.54086
1134864722502187013 7.63771 -5.42188 -1.54126
1134864722721183061 7.6388 -5.67246 -1.54566
1134864722931176900 7.63391 -5.92693 -1.53525
1134864723141180038 7.63688 -6.18352 -1.5242
1134864723361222982 7.64471 -6.43643 -1.51959
1134864723572179079 7.65289 -6.69188 -1.50498
1134864723782188892 7.6637 -6.94254 -1.46741
1134864724002191066 7.68794 -7.19191 -1.45221
1134864724211189031 7.71251 -7.43743 -1.45926
1134864724421206951 7.73131 -7.69078 -1.44892
1134864724641201972 7.75423 -7.95075 -1.43703
1134864724851201057 7.78397 -8.20586 -1.43661
1134864725062200069 7.80821 -8.44414 -1.43926
1134864725282206058 7.83427 -8.68883 -1.44398
1134864725491198062 7.85718 -8.93803 -1.44436
1134864725701184988 7.87849 -9.17488 -1.44551
1134864725920181035 7.90247 -9.41576 -1.44646
1134864726130179882 7.92381 -9.64629 -1.45573
1134864726340183019 7.94238 -9.87731 -1.49212
1134864726561561107 7.95303 -10.1126 -1.57994
1134864726771182060 7.93778 -10.338 -1.7303
1134864726981184005 7.89335 -10.563 -1.88199
1134864727201183080 7.82737 -10.7622 -1.89302
1134864727411180019 7.76118 -10.9551 -1.79469
1134864727621186971 7.72183 -11.1617 -1.68177
1134864727841182947 7.69933 -11.3613 -1.55983
1134864728050179004 7.7047 -11.5591 -1.45853
1134864728261184930 7.7285 -11.7619 -1.33571
1134864728481183052 7.76549 -11.9556 -1.19407
1134864728692047119 7.83983 -12.1419 -1.06466
1134864728900183916 7.93122 -12.3059 -1.05015
1134864729120181083 8.01628 -12.4834 -1.14149
1134864729330179929 8.08725 -12.6609 -1.26202
1134864729550179958 8.13192 -12.8447 -1.40932
1134864729760183095 8.14422 -13.0295 -1.58574
1134864729970180034 8.13271 -13.2218 -1.7407
1134864730190175056 8.09452 -13.4097 -1.80688
1134864730401189088 8.0523 -13.5872 -1.76285
1134864730611563920 8.01913 -13.7686 -1.63714
1134864730831213951 8.01365 -13.9421 -1.43115
1134864731040200948 8.04278 -14.1112 -1.16405
1134864731250221967 8.10746 -14.2514 -0.914864
1134864731470202922 8.19477 -14.3668 -0.633311
1134864731681200027 8.30268 -14.4514 -0.292649
1134864731891205072 8.42886 -14.4904 0.0687715
1134864732110193967 8.5536 -14.5012 0.445311
1134864732320178031 8.65397 -14.4388 0.805785
1134864732529185056 8.74137 -14.3408 1.12747
1134864732750178098 8.79224 -14.2286 1.3338
1134864732959177970 8.83 -14.0787 1.50349
1134864733169178962 8.83897 -13.9316 1.62093
1134864733389188051 8.83171 -13.7589 1.74545
1134864733599185943 8.80056 -13.5815 1.80384
1134864733809184074 8.75874 -13.3821 1.80254
1134864734029180049 8.7193 -13.1731 1.7983
1134864734240178108 8.67337 -12.9872 1.79156
1134864734450186014 8.63152 -12.7831 1.7863
1134864734669174909 8.5883 -12.5535 1.78919
1134864734879178047 8.53846 -12.3251 1.78419
1134864735089174985 8.48969 -12.0804 1.77348
1134864735310177087 8.44294 -11.8309 1.7659
1134864735520179986 8.40044 -11.5758 1.77117
1134864735729180097 8.35108 -11.3377 1.76595
1134864735949183940 8.30581 -11.088 1.76067
1134864736159183025 8.26125 -10.825 1.75997
1134864736369180917 8.21354 -10.5805 1.74479
1134864736589190006 8.17677 -10.3158 1.73773
1134864736800182104 8.13838 -10.0539 1.72132
1134864737020188093 8.10548 -9.79435 1.70915
1134864737230185031 8.07335 -9.53778 1.70417
1134864737439202070 8.04442 -9.27746 1.7059
1134864737660207986 8.01373 -9.01892 1.70292
1134864737869206905 7.9806 -8.76765 1.6942
1134864738079200983 7.96075 -8.52601 1.70133
1134864738300209045 7.93099 -8.26929 1.72666
1134864738509211063 7.89161 -8.00882 1.78942
1134864738719193935 7.83739 -7.77024 1.80643
1134864738938188076 7.78508 -7.51685 1.80985
1134864739148180961 7.73105 -7.27403 1.82909
1134864739359178066 7.67169 -7.03761 1.82989
1134864739579180955 7.61363 -6.78977 1.83008
1134864739789180040 7.55697 -6.55143 1.79549
1134864739999181032 7.51737 -6.31427 1.69577
1134864740218184947 7.49847 -6.07461 1.54807
1134864740428538084 7.51553 -5.83705 1.40018
1134864740638180971 7.56721 -5.61075 1.2431
1134864740859181880 7.65239 -5.39694 1.06617
1134864741069179058 7.77415 -5.1934 0.890051
1134864741278177976 7.93468 -5.0096 0.697929
1134864741498183965 8.11947 -4.86374 0.571002
1134864741708184003 8.31272 -4.73794 0.517311
1134864741919184923 8.51752 -4.63071 0.464926
1134864742137702941 8.72188 -4.53869 0.411517
1134864742349564075 8.92196 -4.45669 0.373387
1134864742558183908 9.13051 -4.3765 0.34603
1134864742779181957 9.3346 -4.32149 0.250835
1134864742988177061 9.55284 -4.2688 0.183475
1134864743198179006 9.78967 -4.23043 0.179726
1134864743418184995 10.0113 -4.19827 0.128201
1134864743629180908 10.2504 -4.17938 0.0540384
1134864743838181972 10.4795 -4.17987 -0.00604958
1134864744059825897 10.7112 -4.18837 -0.0265096
1134864744269380092 10.946 -4.20499 -0.0672267
1134864744479202985 11.1755 -4.22799 -0.0752257
1134864744699201107 11.4054 -4.24933 -0.0648442
1134864744908205986 11.6344 -4.26965 -0.0775208
1134864745128197908 11.8578 -4.29729 -0.0925454
1134864745337215900 12.0788 -4.32306 -0.0918946
1134864745547190904 12.3093 -4.34394 -0.109576
1134864745768179893 12.5254 -4.37437 -0.116593
1134864745978182077 12.7552 -4.40336 -0.126489
1134864746187182903 12.9802 -4.44511 -0.131763
1134864746407180070 13.1991 -4.48627 -0.127381
1134864746617182970 13.4101 -4.52031 -0.122891
1134864746827182054 13.6282 -4.55724 -0.106178
1134864747047177076 13.8478 -4.58721 -0.0958538
1134864747257180929 14.0624 -4.61526 -0.0918165
1134864747467181921 14.2811 -4.64326 -0.0956136
1134864747688184976 14.498 -4.66944 -0.0949009
1134864747898176908 14.71 -4.69571 -0.0915971
1134864748108182907 14.9207 -4.7204 -0.082971
1134864748327178955 15.1289 -4.74172 -0.0810718
1134864748538182973 15.3391 -4.76364 -0.091962
1134864748748182058 15.5485 -4.78518 -0.126961
1134864748967181921 15.7581 -4.81651 -0.162218
1134864749177208900 15.9582 -4.85731 -0.204384
1134864749387181997 16.1577 -4.91036 -0.241799
1134864749607178926 16.3541 -4.96109 -0.262292
1134864749818182945 16.5434 -5.00969 -0.267491
1134864750028923034 16.7358 -5.065 -0.338572
1134864750248188972 16.9142 -5.13554 -0.465105
1134864750458189964 17.0802 -5.22316 -0.542433
1134864750668206930 17.2336 -5.32708 -0.549318
1134864750887202024 17.3851 -5.41799 -0.553385
1134864751097201108 17.5322 -5.51169 -0.541632
1134864751307209014 17.6764 -5.60419 -0.527753
1134864751528207063 17.83 -5.69241 -0.474455
1134864751736238956 17.9734 -5.77784 -0.407566
1134864751947189092 18.1258 -5.8385 -0.34197
1134864752166234970 18.2855 -5.89354 -0.246993
1134864752376185894 18.4429 -5.93048 -0.168792
1134864752587182998 18.6036 -5.96404 -0.132334
1134864752806186914 18.766 -5.99411 -0.0839744
1134864753016180038 18.9272 -6.00983 0.0308239
1134864753226183891 19.0933 -6.00147 0.141617
1134864753446178913 19.2579 -5.98836 0.231248
1134864753656182050 19.4291 -5.9407 0.362775
1134864753877300024 19.5998 -5.86336 0.476416
1134864754087548017 19.7633 -5.77703 0.543661
1134864754296185016 19.9291 -5.68715 0.609051
1134864754517188072 20.0864 -5.59036 0.697223
1134864754727181911 20.2316 -5.46919 0.829666
1134864754937181949 20.3689 -5.31071 0.961033
1134864755156183958 20.4823 -5.15741 1.0231
1134864755366179943 20.5938 -4.99779 1.03749
1134864755577182054 20.6988 -4.82441 1.05729
1134864755797600030 20.8037 -4.64552 1.07713
1134864756007184982 20.9081 -4.44161 1.13761
1134864756216180086 20.998 -4.27303 1.21009
1134864756436178922 21.0806 -4.06693 1.26039
1134864756646178960 21.1546 -3.84343 1.32815
1134864756856179952 21.2119 -3.65404 1.39355
1134864757076180934 21.2524 -3.46654 1.41932
1134864757286201000 21.2882 -3.24513 1.47603
1134864757497201919 21.3154 -3.04639 1.51887
1134864757717206001 21.3365 -2.8284 1.52932
1134864757927205085 21.3515 -2.61743 1.5349
1134864758137253046 21.3671 -2.39858 1.52784
1134864758356204986 21.3874 -2.18935 1.52842
1134864758566180944 21.4051 -1.97856 1.54165
1134864758775187015 21.4201 -1.75871 1.55056
1134864758996186017 21.4337 -1.5507 1.55537
1134864759206177949 21.4489 -1.31943 1.55796
1134864759416181087 21.4592 -1.1187 1.56749
1134864759636187076 21.4665 -0.899153 1.57582
1134864759846935033 21.4741 -0.682193 1.61026
1134864760055181980 21.4659 -0.47671 1.65067
1134864760276184082 21.4584 -0.260039 1.64868
1134864760485187053 21.4463 -0.0412419 1.65451
1134864760696182012 21.4393 0.178517 1.65257
1134864760916184902 21.4274 0.399821 1.65729
1134864761125179052 21.4166 0.619999 1.65826
1134864761336179971 21.4053 0.834252 1.66019
1134864761556180000 21.3916 1.04836 1.65411
1134864761766181945 21.3802 1.26631 1.64707
1134864761985184907 21.3721 1.47675 1.62173
1134864762195183992 21.3682 1.69538 1.5701
1134864762405181884 21.3767 1.91226 1.5558
1134864762626183032 21.3836 2.13498 1.54459
1134864762835185050 21.4012 2.35911 1.50075
1134864763045178890 21.4293 2.57894 1.44904
1134864763265187978 21.4654 2.79644 1.44264
1134864763475179910 21.503 3.02314 1.44577
1134864763685184955 21.5387 3.24167 1.45393
1134864763905211925 21.5723 3.46485 1.45081
1134864764115205049 21.6094 3.70638 1.44977
1134864764325206041 21.6451 3.93757 1.45608
1134864764545221090 21.6782 4.15863 1.45632
1134864764755212068 21.7099 4.38079 1.45683
1134864764964235067 21.743 4.60917 1.47085
1134864765184189081 21.7742 4.83935 1.47516
1134864765395184040 21.8041 5.08266 1.47698
1134864765605182886 21.831 5.30807 1.47673
1134864765824184894 21.8588 5.53233 1.48936
1134864766034182071 21.8807 5.76167 1.53114
1134864766244179964 21.8934 5.99483 1.55786
1134864766464179039 21.9028 6.23743 1.56141
1134864766674180030 21.9092 6.47555 1.57269
1134864766884176969 21.9146 6.71257 1.56264
1134864767104178905 21.925 6.94738 1.55202
1134864767314178943 21.939 7.19114 1.5529
1134864767524178981 21.9465 7.43303 1.57324
1134864767744190931 21.9516 7.68164 1.5682
1134864767955182075 21.955 7.93166 1.55657
1134864768165184020 21.9668 8.17377 1.53037
1134864768384181022 21.9881 8.41343 1.47708
1134864768594180107 22.0219 8.64951 1.45907
1134864768805183887 22.0589 8.88049 1.45381
1134864769024178981 22.0915 9.11923 1.45917
1134864769235182046 22.1202 9.36065 1.45314
1134864769444188117 22.1566 9.61998 1.44002
1134864769664190053 22.1928 9.85434 1.43517
1134864769874185085 22.2317 10.0906 1.43307
1134864770095182895 22.2735 10.3332 1.43799
1134864770304181098 22.3123 10.5804 1.43883
1134864770515199899 22.3484 10.8262 1.43557
1134864770735209941 22.3898 11.0722 1.43765
1134864770945204973 22.4286 11.3304 1.47757
1134864771155203104 22.4534 11.6075 1.49271
1134864771374198913 22.4782 11.917 1.49211
1134864771583223104 22.5007 12.1536 1.49863
1134864771793195009 22.5249 12.4189 1.48811
1134864772013184070 22.5488 12.6239 1.53192
1134864772223177909 22.5655 12.8759 1.54768
1134864772433182001 22.5806 13.1674 1.54013
1134864772653181076 22.5944 13.4344 1.5403
1134864772863178014 22.6064 13.6599 1.53508
1134864773073183059 22.6201 13.9433 1.51518
1134864773293185949 22.6391 14.1727 1.4989
1134864773504185914 22.6629 14.4443 1.48398
1134864773713185071 22.6892 14.6874 1.47194
1134864773933180093 22.718 14.9567 1.43515
1134864774144182920 22.758 15.2034 1.40826
1134864774354180097 22.8058 15.4499 1.39913
1134864774574182987 22.8594 15.7013 1.392
1134864774784183025 22.9095 15.9462 1.37187
1134864774993205070 22.9685 16.1955 1.33589
1134864775214180946 23.033 16.4364 1.33035
1134864775422960042 23.0972 16.6859 1.33351
1134864775634181976 23.1614 16.9344 1.33265
1134864775853178977 23.2217 17.1736 1.33537
1134864776064179897 23.2857 17.4218 1.32834
1134864776274180889 23.3523 17.6611 1.32568
1134864776494179010 23.415 17.8931 1.33297
1134864776704190015 23.4806 18.1301 1.37164
1134864776913201093 23.5308 18.3739 1.44847
1134864777133202075 23.5618 18.6109 1.52163
1134864777344923973 23.5776 18.8574 1.6193
1134864777553268909 23.5654 19.0916 1.74632
1134864777774207115 23.5247 19.3139 1.91611
1134864777982239961 23.4511 19.5246 2.12666
1134864778193185091 23.3426 19.711 2.32397
1134864778413178920 23.1861 19.8577 2.51285
1134864778622181892 23.0121 19.9842 2.67871
1134864778842179059 22.8129 20.0835 2.8262
1134864779052187919 22.6002 20.1555 2.97344
1134864779262187957 22.376 20.1943 3.05943
1134864779483184099 22.148 20.2241 3.10556
1134864779693180084 21.9164 20.2365 -3.06196
1134864779903182029 21.6832 20.2199 -2.94461
1134864780123178958 21.4492 20.1749 -2.82864
1134864780333178043 21.2288 20.1038 -2.70498
1134864780542185068 21.0106 20.0048 -2.6058
1134864780762188911 20.8057 19.8889 -2.49901
1134864780972188949 20.6106 19.7494 -2.38408
1134864781183181047 20.4318 19.5915 -2.26588
1134864781402187108 20.275 19.4191 -2.13619
1134864781613179922 20.1415 19.2134 -2.00292
1134864781823183059 20.0348 18.9957 -1.92401
1134864782043180942 19.9473 18.7647 -1.8666
1134864782252178907 19.8678 18.5351 -1.85112
1134864782463181018 19.7877 18.3072 -1.86441
1134864782682183027 19.7059 18.0704 -1.86339
1134864782893177986 19.6211 17.8312 -1.92116
1134864783103182077 19.5216 17.5947 -2.0281
1134864783323180913 19.3901 17.3661 -2.12788
1134864783533201932 19.2378 17.151 -2.25242
1134864783742204904 19.0518 16.957 -2.39587
1134864783962203979 18.8678 16.8027 -2.53623
1134864784172200918 18.6454 16.6734 -2.68687
1134864784383213996 18.4191 16.5767 -2.86056
1134864784601236104 18.1746 16.5226 -3.01462
1134864784812181949 17.9201 16.5016 -3.0865
1134864785021195888 17.6583 16.4968 -3.1316
1134864785242480039 17.399 16.5067 3.10581
1134864785452188014 17.1344 16.526 3.07747
1134864785662184000 16.8713 16.5545 3.03975
1134864785882180929 16.6062 16.5919 3.01614
1134864786092184066 16.344 16.6279 3.00911
1134864786302186965 16.0838 16.6683 2.99862
1134864786522183895 15.8222 16.7131 2.96783
1134864786732181072 15.5655 16.7657 2.93567
1134864786952871084 15.3044 16.8246 2.91678
1134864787161253929 15.0479 16.8849 2.90238
1134864787371182918 14.7993 16.9557 2.89825
1134864787592180013 14.5425 17.0228 2.87531
1134864787802181959 14.2801 17.0998 2.82318
1134864788011185884 14.0305 17.1881 2.8047
1134864788231184959 13.7813 17.2791 2.82615
1134864788441185951 13.5236 17.3583 2.92516
1134864788651180982 13.2692 17.4207 3.00896
1134864788872185945 13.0021 17.4586 3.04117
1134864789081249952 12.7341 17.4899 3.06817
1134864789291182994 12.4744 17.5111 3.07818
1134864789511182069 12.2062 17.5356 3.12615
1134864789721184968 11.9399 17.5469 -3.10785
1134864789931185960 11.6715 17.5454 -3.13767
1134864790151207923 11.4025 17.5547 3.06499
1134864790362219095 11.139 17.5841 3.01858
1134864790572205066 10.8695 17.6206 3.0101
1134864790792205095 10.6074 17.6574 2.98514
1134864791000962972 10.3417 17.708 2.94405
1134864791211209058 10.0849 17.7689 2.92042
1134864791431180953 9.83665 17.8394 2.90006
1134864791640177965 9.59028 17.9133 2.83401
1134864791850183963 9.34943 18.0054 2.79129
1134864792071177959 9.09986 18.1093 2.68213
1134864792281177997 8.87597 18.2403 2.58375
1134864792491178989 8.66591 18.3842 2.51138
1134864792711179018 8.46373 18.5436 2.45931
1134864792921714067 8.27173 18.71 2.41029
1134864793131185054 8.0958 18.8864 2.27772
1134864793351180076 7.94198 19.0861 2.13697
1134864793561180114 7.81891 19.2952 2.01972
1134864793771178007 7.72808 19.5117 1.88492
1134864793990180015 7.66299 19.7348 1.83337
1134864794200184106 7.60888 19.9503 1.75164
1134864794410177946 7.57669 20.1757 1.65404
1134864794630181074 7.56235 20.3997 1.53419
1134864794841181993 7.58057 20.6272 1.42109
1134864795061247110 7.63336 20.8601 1.36079
1134864795271179914 7.68862 21.0733 1.30195
1134864795481179952 7.7491 21.2729 1.24922
1134864795701183080 7.8188 21.4553 1.19822
1134864795910176992 7.89184 21.6162 1.09694
1134864796120188951 7.97126 21.7611 1.07628
1134864796340178966 8.06125 21.9066 1.03759
1134864796550180912 8.13441 22.0278 0.983915
1134864796761202096 8.21795 22.1401 0.866361
1134864796979955911 8.30165 22.2387 0.869944
1134864797191209077 8.3945 22.3391 0.865651
1134864797400264978 8.48022 22.4362 0.892267
1134864797620208978 8.5735 22.5451 0.903833
1134864797829226970 8.66282 22.6555 0.902423
1134864798039211988 8.77517 22.7855 0.91045
1134864798259185075 8.87144 22.902 0.905642
1134864798469183921 8.98043 23.0326 0.880957
1134864798680187940 9.09086 23.1593 0.875249
1134864798900182008 9.20722 23.2886 0.826913
1134864799109181880 9.33107 23.4091 0.763864
1134864799319184064 9.46259 23.5267 0.716061
1134864799540179967 9.614 23.6528 0.670633
1134864799750184059 9.7723 23.7666 0.650005
1134864799960182905 9.93183 23.8934 0.653225
1134864800180179119 10.0989 24.0144 0.694653
1134864800389178991 10.2674 24.1606 0.783239
1134864800600188016 10.4237 24.3116 0.845441
1134864800820189952 10.5733 24.4801 0.953145
1134864801030180931 10.7046 24.6656 1.08897
1134864801239181041 10.8106 24.8642 1.26806
1134864801459182977 10.8916 25.0944 1.4749
1134864801669183969 10.907 25.3322 1.64254
1134864801880186080 10.8985 25.5816 1.7438
1134864802100187063 10.8671 25.8235 1.81006
1134864802309180974 10.8132 26.0682 1.81945
1134864802519188880 10.7498 26.3255 1.8604
1134864802739181995 10.6821 26.5634 1.87059
1134864802950185060 10.6154 26.8087 1.86805
1134864803160183906 10.5465 27.0499 1.84423
1134864803379203081 10.4794 27.2968 1.80407
1134864803589205026 10.418 27.5549 1.72408
1134864803810204029 10.394 27.7944 1.67207
1134864804020203113 10.3742 28.0483 1.56957
1134864804229199886 10.3832 28.3062 1.41021
1134864804448210000 10.4332 28.5456 1.23886
1134864804658193111 10.5253 28.7597 1.10053
1134864804869179010 10.6313 28.9502 1.03616
1134864805089176893 10.7323 29.1224 1.13215
1134864805299181938 10.8112 29.2969 1.34925
1134864805509176969 10.8426 29.4773 1.5954
1134864805728288888 10.8234 29.6653 1.81307
1134864805938189983 10.7769 29.8423 2.02185
1134864806148179054 10.6854 30.0142 2.20307
1134864806368179082 10.5599 30.1899 2.30648
1134864806579180002 10.4027 30.3682 2.31293
1134864806789191007 10.236 30.5492 2.26487
1134864807009186029 10.075 30.7512 2.18933
1134864807219178915 9.92608 30.9674 2.16341
1134864807429177045 9.78631 31.1953 2.11936
1134864807648180961 9.64203 31.4224 2.03779
1134864807858185052 9.53239 31.662 2.02175
1134864808069180011 9.4182 31.9058 2.02083
1134864808289189100 9.31174 32.1495 2.02795
1134864808499181032 9.19502 32.4004 2.01551
1134864808709182024 9.08975 32.6413 1.98895
1134864808929188013 8.98553 32.893 1.96337
1134864809138181924 8.8837 33.1439 1.95695
1134864809349179983 8.78275 33.3935 1.96446
1134864809568185091 8.6854 33.6638 1.96618
1134864809778203010 8.57778 33.9123 1.95822
1134864809988202095 8.48551 34.1656 1.95034
1134864810208204030 8.38681 34.4181 1.94056
1134864810418205022 8.29625 34.6839 1.95416
1134864810628206968 8.20266 34.9382 1.95945
1134864810849219083 8.1063 35.1868 1.95513
1134864811057234048 8.01437 35.4454 1.95975
1134864811268187999 7.91857 35.6971 1.96373
1134864811488182067 7.82073 35.9527 1.96778
1134864811698189973 7.72297 36.2072 1.96549
1134864811918183088 7.62322 36.4574 1.96629
1134864812128184080 7.52579 36.7054 1.96136
1134864812338185071 7.42688 36.9481 1.957
1134864812558182001 7.3311 37.2012 1.96936
1134864812768184900 7.22927 37.4502 2.01632
1134864812978184938 7.12834 37.6899 2.05251
1134864813197180986 7.00677 37.927 2.0458
1134864813408407926 6.88699 38.1584 2.05621
1134864813617182016 6.76051 38.4007 2.07913
1134864813838186979 6.6361 38.6257 2.08996
1134864814047179937 6.51628 38.8553 2.11978
1134864814258187055 6.3812 39.0781 2.11444
1134864814478183031 6.25897 39.3008 2.06994
1134864814688185930 6.14497 39.5347 1.92202
1134864814897180080 6.07055 39.7758 1.7418
1134864815117182970 6.03968 40.0126 1.58711
1134864815328178882 6.048 40.2438 1.46424
1134864815538187026 6.07587 40.4595 1.5624
1134864815758182048 6.07171 40.6725 1.70859
1134864815968179941 6.03776 40.8974 1.8593
1134864816178183078 5.974 41.1132 2.02502
1134864816398202896 5.87868 41.3108 2.20348
1134864816608201980 5.75267 41.4774 2.45888
1134864816817203998 5.59595 41.5924 2.7441
1134864817037199020 5.41885 41.656 3.07733
1134864817247210025 5.23869 41.6649 -2.85092
1134864817458204030 5.08566 41.6138 -2.50484
1134864817677186012 4.96623 41.5178 -2.2022
1134864817887185096 4.88024 41.3917 -1.90004
1134864818096178054 4.8385 41.2402 -1.59116
1134864818316181898 4.83476 41.0823 -1.34744
1134864818526182889 4.8731 40.9262 -1.21026
1134864818736219882 4.92926 40.7519 -1.15736
1134864818956180095 4.99965 40.5946 -1.13363
1134864819166181087 5.07474 40.4209 -1.1026
1134864819387182950 5.16688 40.2296 -1.03193
1134864819596179008 5.27841 40.044 -0.917856
1134864819806181907 5.41769 39.8527 -0.882525
1134864820016180992 5.56979 39.6498 -0.885515
1134864820237185955 5.72638 39.4423 -0.882972
1134864820447180032 5.88943 39.2345 -0.890941
1134864820666187047 6.05047 39.0307 -0.90038
1134864820877181053 6.20739 38.8144 -0.908973
1134864821086186885 6.3601 38.6058 -0.991219
1134864821307184934 6.49659 38.3772 -1.05009
1134864821517180919 6.61716 38.1396 -1.1256
1134864821727181911 6.71895 37.8987 -1.16694
1134864821947185993 6.81371 37.6451 -1.17578
1134864822157181978 6.9089 37.4042 -1.21529
1134864822367188930 6.98733 37.1452 -1.2459
1134864822586178064 7.06425 36.8962 -1.2647
1134864822797182083 7.1388 36.632 -1.26409
1134864823007208108 7.20964 36.3736 -1.25418
1134864823226206064 7.28189 36.1298 -1.25791
1134864823436202049 7.35277 35.8982 -1.2518
1134864823646214008 7.43237 35.6457 -1.24384
1134864823867199897 7.51208 35.3929 -1.24495
1134864824075232028 7.59333 35.1283 -1.2339
1134864824286180973 7.67671 34.8815 -1.22183
1134864824506181001 7.76076 34.6219 -1.2123
1134864824715178012 7.85 34.3697 -1.2008
1134864824925180912 7.93554 34.1285 -1.19469
1134864825146182060 8.03016 33.8704 -1.1842
1134864825356182098 8.12026 33.6201 -1.17995
1134864825566186904 8.20868 33.377 -1.17474
1134864825786184072 8.30595 33.1282 -1.16569
1134864825996179103 8.40048 32.9036 -1.15282
1134864826205182075 8.49952 32.6508 -1.11772
1134864826425187110 8.61096 32.4081 -1.06594
1134864826636177062 8.73525 32.1736 -1.04674
1134864826845179080 8.86296 31.9402 -1.04064
1134864827065180063 8.988 31.7071 -1.03797
1134864827275178909 9.11698 31.4677 -1.03808
1134864827485177993 9.24128 31.2315 -1.03272
1134864827706185102 9.36797 30.9952 -1.01848
1134864827916186094 9.50235 30.7676 -1.02415
1134864828126184940 9.63342 30.5289 -1.07765
1134864828346178054 9.74887 30.2892 -1.11929
1134864828556183099 9.85492 30.0531 -1.13369
1134864828775187969 9.95985 29.7972 -1.1576
1134864828985186100 10.0564 29.5526 -1.18077
1134864829196182012 10.1553 29.3104 -1.21568
1134864829415179014 10.2388 29.0508 -1.24546
1134864829624598979 10.3152 28.8061 -1.27143
1134864829835205078 10.3846 28.5513 -1.29107
1134864830055206060 10.4519 28.2895 -1.29702
1134864830265199899 10.5156 28.0458 -1.32151
1134864830475198030 10.5762 27.7851 -1.36169
1134864830694228887 10.6274 27.5145 -1.36445
1134864830904201984 10.6779 27.2548 -1.36102
1134864831114187002 10.7213 27.0128 -1.35384
1134864831334181070 10.7719 26.7626 -1.34778
1134864831544576883 10.8243 26.4918 -1.33926
1134864831754187107 10.8845 26.2107 -1.28022
1134864831974175930 10.9465 25.9806 -1.2521
1134864832184186935 11.0222 25.7204 -1.2292
1134864832394186019 11.116 25.458 -1.15613
1134864832614178895 11.2199 25.2363 -1.07743
1134864832824187040 11.344 24.996 -1.01785
1134864833033906936 11.4866 24.7583 -0.90963
1134864833254180908 11.6385 24.561 -0.808813
1134864833463840007 11.8245 24.3634 -0.66721
1134864833674180030 12.0277 24.2108 -0.540029
1134864833894182920 12.232 24.0823 -0.396649
1134864834104187965 12.4564 23.9777 -0.354525
1134864834315177917 12.679 23.8861 -0.347869
1134864834535188913 12.8998 23.7957 -0.252795
1134864834745182037 13.123 23.7363 -0.304547
1134864834955178976 13.3447 23.6594 -0.462618
1134864835175183057 13.5588 23.5416 -0.648182
1134864835385185003 13.7066 23.4123 -0.800363
1134864835594182968 13.843 23.2587 -0.932208
1134864835814183950 13.9409 23.1002 -1.0922
1134864836024183988 14.0135 22.9284 -1.30209
1134864836234204053 14.0593 22.7282 -1.50985
1134864836455214023 14.0567 22.5277 -1.70574
1134864836665216922 14.0261 22.3174 -1.8707
1134864836885375976 13.9557 22.1208 -1.93389
1134864837095206975 13.8763 21.921 -1.98529
1134864837303250074 13.7807 21.7205 -2.00126
1134864837523191928 13.6702 21.5047 -2.01709
1134864837734184980 13.5536 21.2892 -2.01516
1134864837943180084 13.4401 21.0651 -1.99546
1134864838164185047 13.3404 20.8431 -1.90416
1134864838374182939 13.2618 20.6148 -1.77825
1134864838584187030 13.2166 20.3758 -1.62574
1134864838805183887 13.2088 20.1429 -1.42493
1134864839014184951 13.237 19.9054 -1.18424
1134864839223220109 13.3296 19.6898 -0.938374
1134864839443183898 13.4655 19.5124 -0.752962
1134864839654182910 13.6271 19.3621 -0.557449
1134864839864187002 13.8017 19.2537 -0.404766
1134864840084178924 13.9785 19.1702 -0.434904
1134864840294176101 14.1593 19.0823 -0.573031
1134864840504185914 14.3248 18.9616 -0.759675
1134864840723939895 14.4674 18.8144 -0.967448
1134864840933182954 14.5741 18.6329 -1.16257
1134864841143179893 14.6418 18.4373 -1.29724
1134864841364182949 14.6873 18.23 -1.38192
1134864841574186086 14.7183 18.013 -1.37855
1134864841784179925 14.7547 17.7912 -1.28805
1134864842003180980 14.82 17.5671 -1.07006
1134864842213185071 14.928 17.3669 -0.84507
1134864842423177957 15.0981 17.2001 -0.679615
1134864842643181085 15.2764 17.0629 -0.511488
1134864842853204011 15.4826 16.9506 -0.468526
1134864843063203096 15.6933 16.8355 -0.454301
1134864843283200979 15.9097 16.7293 -0.356378
1134864843494205951 16.1395 16.6484 -0.131518
1134864843704204082 16.3825 16.6196 0.115598
1134864843923194885 16.6184 16.6486 0.34398
1134864844133183956 16.8312 16.7281 0.59881
1134864844342189073 17.0111 16.8562 0.856043
1134864844562180042 17.1335 17.0002 1.01856
1134864844773185014 17.2405 17.1673 0.990243
1134864844993179082 17.3509 17.3176 0.913659
1134864845203185081 17.4805 17.4744 0.805127
1134864845413187980 17.6265 17.6132 0.694409
1134864845633181095 17.795 17.7412 0.611118
1134864845843178987 17.9767 17.8604 0.544102
1134864846052179098 18.1676 17.9711 0.503212
1134864846272181987 18.3699 18.0805 0.405317
1134864846483186006 18.5872 18.1675 0.322001
1134864846695632934 18.8201 18.2403 0.238612
1134864846913183927 19.0638 18.2856 0.162343
1134864847123178958 19.3235 18.3304 0.0818352
1134864847332189083 19.5822 18.3443 -0.00406804
1134864847552181005 19.8447 18.3389 -0.0973523
1134864847763190031 20.1013 18.3084 -0.188074
1134864847973179101 20.3597 18.2509 -0.245847
1134864848193181037 20.6155 18.1835 -0.296963
1134864848403178930 20.8648 18.1044 -0.401577
1134864848613179922 21.1041 17.9958 -0.506094
1134864848832182884 21.3271 17.8508 -0.610779
1134864849042186975 21.5398 17.6879 -0.679198
1134864849252178907 21.7472 17.5096 -0.710764
1134864849472217082 21.9487 17.331 -0.808555
1134864849682209968 22.1285 17.1286 -0.925873
1134864849893203020 22.2863 16.9075 -1.04789
1134864850113198995 22.4122 16.6744 -1.15787
1134864850322211980 22.5127 16.4427 -1.25051
1134864850532190084 22.5842 16.203 -1.38255
1134864850752187013 22.6278 15.9553 -1.47304
1134864850961183071 22.6464 15.6907 -1.57384
1134864851171183109 22.6418 15.4182 -1.61168
1134864851391177892 22.626 15.1465 -1.60894
1134864851601186037 22.6127 14.8938 -1.59896
1134864851811182022 22.5938 14.6161 -1.58198
1134864852031225919 22.5848 14.3541 -1.57541
1134864852241180896 22.5742 14.084 -1.5947
1134864852451185941 22.5558 13.8139 -1.60834
1134864852671181917 22.5373 13.5554 -1.60107
1134864852881545066 22.5212 13.2851 -1.59444
1134864853092180013 22.5076 13.0186 -1.59543
1134864853312186002 22.4943 12.7565 -1.60224
1134864853521182060 22.4783 12.5076 -1.60264
1134864853741185903 22.4608 12.2439 -1.59593
1134864853951183080 22.4424 11.9664 -1.588
1134864854161179065 22.4319 11.7105 -1.57599
1134864854381182909 22.4215 11.4451 -1.56121
1134864854591176033 22.4164 11.1826 -1.53247
1134864854802186965 22.4229 10.9316 -1.45248
1134864855021182060 22.4485 10.6616 -1.39804
1134864855232182979 22.4871 10.4159 -1.38771
1134864855442181110 22.5262 10.1501 -1.34005
1134864855661185979 22.5816 9.90357 -1.20071
1134864855871201038 22.6723 9.66995 -1.04702
1134864856081199884 22.8024 9.45076 -0.866776
1134864856301203012 22.9719 9.25402 -0.690726
1134864856511200904 23.1754 9.08299 -0.533755
1134864856722204923 23.3969 8.95331 -0.362834
1134864856941206932 23.6311 8.85392 -0.247826
1134864857151241064 23.8803 8.78627 -0.106825
1134864857361177921 24.1603 8.74684 -0.00224141
1134864857580179929 24.4068 8.74698 0.0216557
1134864857791179895 24.6721 8.74234 0.0686542
1134864858001178979 24.9297 8.7554 0.0836174
1134864858221188068 25.1871 8.77592 0.0934751
1134864858431186914 25.4547 8.79716 0.059445
1134864858642070055 25.7119 8.80104 -0.0322808
1134864858860182046 25.9736 8.78354 -0.102957
1134864859070179939 26.2295 8.75478 -0.113479
1134864859280175924 26.4802 8.72074 -0.236001
1134864859500184059 26.7344 8.65059 -0.320206
1134864859711184978 26.9823 8.56828 -0.31087
1134864859920182943 27.2162 8.48815 -0.319345
1134864860140177011 27.4455 8.40315 -0.308135
1134864860350179910 27.6697 8.32144 -0.299268
1134864860561178922 27.8945 8.24998 -0.253361
1134864860781191110 28.1369 8.19074 -0.226625
1134864860991183042 28.3567 8.13599 -0.218891
1134864861211186885 28.5726 8.07341 -0.144441
1134864861421179056 28.7915 8.03793 0.0193614
1134864861630178928 29.008 8.04824 0.198707
1134864861850179910 29.2137 8.09274 0.421174
1134864862060184001 29.4036 8.17819 0.616751
1134864862271251916 29.5658 8.2922 0.7224
1134864862492206096 29.7107 8.41806 0.730312
1134864862700205087 29.8564 8.54324 0.654171
1134864862910329103 30.0114 8.65086 0.5278
1134864863131205081 30.182 8.73999 0.346062
1134864863340209007 30.3554 8.7899 0.0933863
1134864863550203084 30.5305 8.79463 -0.240797
1134864863769192934 30.6816 8.73846 -0.602063
1134864863979188919 30.8038 8.63571 -0.919799
1134864864189178943 30.8857 8.50117 -1.19003
1134864864410181999 30.9332 8.35795 -1.43193
1134864864620182037 30.9453 8.19866 -1.6129
1134864864829185009 30.9288 8.02758 -1.72558
1134864865050182104 30.8933 7.85964 -1.77691
1134864865260181903 30.853 7.68358 -1.77522
1134864865469177961 30.8157 7.49287 -1.77374
1134864865690185070 30.7702 7.29678 -1.78654
1134864865900180101 30.7193 7.09843 -1.82148
1134864866110181093 30.6563 6.90348 -1.87951
1134864866329180002 30.5878 6.69997 -1.88452
1134864866539175987 30.513 6.50044 -1.86495
1134864866750183105 30.441 6.28174 -1.81905
1134864866969180107 30.3871 6.06623 -1.78575
1134864867180183887 30.3428 5.84048 -1.77033
1134864867390180110 30.3015 5.61754 -1.72375
1134864867609179019 30.2468 5.3861 -1.62471
1134864867819188117 30.2347 5.14881 -1.49862
1134864868029184103 30.2491 4.92471 -1.37185
1134864868249180078 30.2878 4.70822 -1.25115
1134864868459187030 30.3563 4.5026 -1.06041
1134864868670934915 30.4692 4.31691 -0.833316
1134864868889188051 30.6185 4.16106 -0.587992
1134864869100203037 30.8092 4.04298 -0.367256
1134864869310204982 31.0109 3.97077 -0.241658
1134864869530200958 31.2241 3.92174 -0.157945
1134864869740200996 31.4472 3.89278 -0.0841258
1134864869960216999 31.674 3.87861 -0.0760715
1134864870169209003 31.9172 3.86222 -0.0687215
1134864870379184007 32.1536 3.84705 -0.0747236
1134864870598181009 32.3845 3.82616 -0.118292
1134864870808182954 32.6125 3.7898 -0.143788
1134864871018184900 32.8512 3.75931 -0.15121
1134864871238179922 33.0787 3.72159 -0.154068
1134864871448183059 33.3017 3.68307 -0.163221
1134864871658179044 33.5146 3.64756 -0.157032
1134864871878179073 33.7113 3.58167 -0.143197
1134864872088180065 33.9269 3.55754 -0.156027
1134864872298182010 34.1349 3.51467 -0.171677
1134864872519198894 34.3326 3.47738 -0.177032
1134864872728182077 34.5298 3.4318 -0.174267
1134864872938230037 34.7243 3.39063 -0.220077
1134864873159179925 34.9201 3.34048 -0.244121
1134864873369188070 35.1039 3.29315 -0.251254
1134864873579181909 35.2886 3.24079 -0.302062
1134864873798186063 35.4779 3.1825 -0.353392
1134864874009187936 35.6572 3.10595 -0.381229
1134864874219188928 35.8255 3.04355 -0.381166
1134864874439941883 35.9888 2.96454 -0.342079
1134864874648183107 36.1475 2.92219 -0.207107
1134864874859181880 36.3045 2.88659 -0.165863
1134864875078180074 36.4481 2.85557 -0.294421
1134864875289182901 36.5683 2.81375 -0.48809
1134864875499188899 36.667 2.74719 -0.711544
1134864875719208002 36.7473 2.66823 -0.959928
1134864875929203033 36.802 2.58115 -1.23069
1134864876139205932 36.8264 2.49444 -1.47128
1134864876358205080 36.8371 2.41557 -1.75825
1134864876569206953 36.8214 2.35177 -2.09967
1134864876778202056 36.7907 2.30598 -2.48221
1134864876998189926 36.7511 2.27603 -2.84209
1134864877207185983 36.7013 2.27532 -3.11534
1134864877417187929 36.6472 2.26911 2.94262
1134864877637180089 36.5995 2.28272 2.68505
1134864877847227096 36.5434 2.30476 2.44401
1134864878067181110 36.4902 2.35459 2.25914
1134864878277180910 36.4391 2.4245 2.18752
1134864878487180948 36.376 2.51369 2.23205
1134864878708245038 36.2999 2.60796 2.3249
1134864878918180942 36.1994 2.71361 2.49774
1134864879128181934 36.079 2.80071 2.66095
1134864879347182035 35.9237 2.88334 2.85273
1134864879557185888 35.7503 2.93452 2.996
1134864879768182992 35.5642 2.96826 3.09342
1134864879987183094 35.3683 2.98069 -3.06122
1134864880198183059 35.1614 2.96902 -2.90801
1134864880408220052 34.955 2.91762 -2.71504
1134864880628185033 34.7643 2.82152 -2.55886
1134864880838181972 34.5869 2.70172 -2.36557
1134864881047182083 34.4415 2.54668 -2.08098
1134864881268181085 34.3389 2.35426 -1.8442
1134864881477183103 34.2732 2.14028 -1.62277
1134864881688184022 34.2585 1.92256 -1.45975
1134864881908180952 34.2858 1.68101 -1.44228
1134864882118182897 34.3146 1.43982 -1.43183
1134864882328200101 34.3396 1.21178 -1.40396
1134864882547213077 34.3752 0.979542 -1.32957
1134864882757204055 34.4274 0.746693 -1.31393
1134864882967257976 34.4818 0.516011 -1.31267
1134864883187206983 34.5377 0.283146 -1.33036
1134864883396224021 34.5901 0.0625427 -1.33805
1134864883606201887 34.6387 -0.153732 -1.32021
1134864883827192068 34.695 -0.360881 -1.3567
1134864884036176919 34.7238 -0.56225 -1.44999
1134864884246186971 34.7352 -0.764294 -1.60587
1134864884467539072 34.7099 -0.964387 -1.8305
1134864884677181005 34.6262 -1.1626 -2.0424
1134864884887180089 34.535 -1.33957 -2.24671
1134864885107187986 34.3944 -1.48236 -2.42127
1134864885317181110 34.2346 -1.60689 -2.60748
1134864885527184009 34.0501 -1.70255 -2.74343
1134864885746182918 33.8469 -1.77917 -2.79694
1134864885956187009 33.635 -1.85123 -2.78752
1134864886166181087 33.4187 -1.92565 -2.75568
1134864886387325048 33.1926 -2.00479 -2.75513
1134864886596256017 32.9579 -2.08808 -2.78824
1134864886817186117 32.7242 -2.16323 -2.82345
1134864887027189016 32.4933 -2.23561 -2.89638
1134864887236177921 32.2483 -2.28577 -3.02638
1134864887456180095 32.0043 -2.30374 -3.11065
1134864887667181968 31.7461 -2.30029 3.06852
1134864887876183032 31.4943 -2.26178 2.86053
1134864888097183942 31.2646 -2.17416 2.67283
1134864888306184053 31.0471 -2.05834 2.55629
1134864888515665054 30.8521 -1.89386 2.43465
1134864888737204074 30.6742 -1.72214 2.31625
1134864888946208000 30.5118 -1.53585 2.21225
1134864889157201051 30.3711 -1.32879 2.10055
1134864889377207994 30.2584 -1.10712 2.0453
1134864889587213039 30.1466 -0.8797 2.0361
1134864889795244932 30.042 -0.655772 2.01324
1134864890015203952 29.9448 -0.422055 1.96152
1134864890225188970 29.8588 -0.183192 1.84279
1134864890435177087 29.8006 0.0594023 1.75325
1134864890655244112 29.7626 0.298083 1.66934
1134864890865183115 29.7534 0.550419 1.61097
1134864891075182914 29.755 0.809632 1.54943
1134864891295185089 29.7724 1.06009 1.48249
1134864891506181001 29.8073 1.31279 1.39917
1134864891715182065 29.8581 1.5658 1.39308
1134864891935184001 29.9087 1.81342 1.38639
1134864892146178007 29.9634 2.06022 1.33256
1134864892356179952 30.028 2.30128 1.2853
1134864892575180053 30.1052 2.54531 1.25834
1134864892786179065 30.1898 2.78006 1.26612
1134864892996184110 30.2661 3.01355 1.31172
1134864893215178966 30.3274 3.24834 1.43024
1134864893426183938 30.3526 3.47948 1.57557
1134864893636185884 30.3477 3.69431 1.79257
1134864893856187105 30.2959 3.89125 2.05054
1134864894065179109 30.208 4.05775 2.34358
1134864894276182889 30.076 4.1798 2.7051
1134864894494581937 29.9225 4.24927 3.05876
1134864894706178903 29.7654 4.24313 -2.90519
1134864894916181087 29.6248 4.21062 -2.60374
1134864895136185884 29.4864 4.11625 -2.28288
1134864895346201896 29.3772 3.98867 -1.97802
1134864895555207014 29.3157 3.8274 -1.75792
1134864895775244951 29.2756 3.63828 -1.63966
1134864895985205888 29.2568 3.43263 -1.59583
1134864896205923080 29.2439 3.215 -1.55828
1134864896414232969 29.2379 2.98094 -1.50211
1134864896624645948 29.2484 2.74128 -1.4429
1134864896844186067 29.2844 2.48545 -1.42085
1134864897055176973 29.3146 2.22584 -1.4138
1134864897264183044 29.3489 1.97147 -1.37731
1134864897484179019 29.3979 1.72094 -1.35722
1134864897694183111 29.4453 1.4615 -1.31861
1134864897904179096 29.5088 1.19414 -1.28792
1134864898124186992 29.5756 0.931853 -1.27144
1134864898334223031 29.6496 0.684379 -1.23295
1134864898544183015 29.7302 0.441704 -1.18391
1134864898765187025 29.8249 0.198927 -1.14012
1134864898975183963 29.9312 -0.0406016 -1.09715
1134864899184185028 30.0393 -0.288106 -1.07127
1134864899405179023 30.1698 -0.520054 -1.06109
1134864899615186929 30.2992 -0.74822 -1.05922
1134864899825187921 30.424 -0.979607 -1.06801
1134864900045181989 30.5504 -1.21345 -1.03099
1134864900255192041 30.6896 -1.44094 -0.97522
1134864900465184926 30.8423 -1.66115 -0.987159
1134864900685179948 30.968 -1.88626 -1.02688
1134864900894184112 31.1011 -2.1118 -1.10816
1134864901105179071 31.2109 -2.35198 -1.20709
1134864901325181007 31.3002 -2.59608 -1.28138
1134864901535187959 31.3774 -2.84762 -1.37786
1134864901744187116 31.4313 -3.10724 -1.51912
1134864901964204072 31.4262 -3.36404 -1.60202
1134864902174926042 31.4199 -3.62577 -1.62503
1134864902384268999 31.4001 -3.88718 -1.62771
1134864902604201078 31.3783 -4.15708 -1.62516
1134864902815207004 31.3556 -4.43131 -1.63749
1134864903023247003 31.3344 -4.69172 -1.64604
1134864903244178056 31.3151 -4.94359 -1.64411
1134864903453198909 31.2882 -5.21611 -1.62467
1134864903673176050 31.2702 -5.48125 -1.65229
1134864903884185075 31.2436 -5.73881 -1.66374
1134864904094181060 31.2139 -5.99356 -1.65327
1134864904313180923 31.1843 -6.25826 -1.61416
1134864904523176908 31.1663 -6.52358 -1.49865
1134864904733186006 31.188 -6.77812 -1.35981
1134864904953178882 31.2406 -7.03909 -1.24677
1134864905163187026 31.3181 -7.26923 -1.12406
1134864905373187065 31.4362 -7.50778 -0.974822
1134864905594177007 31.571 -7.72202 -0.904611
1134864905804184913 31.7191 -7.90325 -0.932643
1134864906014183044 31.8633 -8.0991 -0.96625
1134864906233184099 31.9915 -8.30551 -1.0794
1134864906443182945 32.0995 -8.50081 -1.29751
1134864906654182910 32.1504 -8.72419 -1.50714
1134864906873188972 32.1284 -8.97922 -1.67401
1134864907084187984 32.1111 -9.16695 -1.88891
1134864907293181896 32.0424 -9.37617 -2.0826
1134864907513183116 31.9272 -9.56578 -2.25615
1134864907723185062 31.7866 -9.72962 -2.32326
1134864907933187961 31.6358 -9.88577 -2.29415
1134864908154186964 31.476 -10.0631 -2.13204
1134864908364631891 31.3599 -10.2629 -1.97358
1134864908573271036 31.276 -10.4785 -1.89319
1134864908793206930 31.1986 -10.6878 -1.89479
1134864909003205060 31.128 -10.8872 -1.92708
1134864909213205099 31.0506 -11.0837 -2.02454
1134864909434205055 30.9505 -11.2668 -2.17296
1134864909642232894 30.8246 -11.4386 -2.35706
1134864909853179931 30.6783 -11.583 -2.59394
1134864910072177886 30.4976 -11.6787 -2.79622
1134864910283179998 30.3092 -11.7342 -2.84298
1134864910503179073 30.1273 -11.7856 -2.788
1134864910713181018 29.9602 -11.85 -2.66522
1134864910923181056 29.789 -11.9296 -2.52596
1134864911133182048 29.642 -12.0329 -2.43612
1134864911353178977 29.4958 -12.1458 -2.38097
1134864911563179969 29.3559 -12.2731 -2.31792
1134864911783186912 29.2214 -12.4139 -2.26316
1134864911992180109 29.0974 -12.5649 -2.20211
1134864912202183961 28.9748 -12.7171 -2.14008
1134864912423186063 28.869 -12.8809 -2.11451
1134864912633178949 28.7643 -13.0613 -2.10896
1134864912842179059 28.6599 -13.2344 -2.06573
1134864913062180995 28.5594 -13.4132 -2.01468
1134864913273180961 28.4728 -13.6048 -1.92694
1134864913483181953 28.4076 -13.8039 -1.841
1134864913702182054 28.3539 -14 -1.76373
1134864913912190914 28.3165 -14.2117 -1.71661
1134864914123179912 28.2856 -14.4155 -1.63
1134864914343188047 28.2776 -14.6233 -1.47351
1134864914553180932 28.3003 -14.817 -1.26973
1134864914762182950 28.3562 -14.9957 -1.07989
1134864914982187032 28.4435 -15.1621 -0.872643
1134864915193207979 28.5611 -15.2995 -0.685717
1134864915402204036 28.6974 -15.4131 -0.604657
1134864915623202085 28.8535 -15.5192 -0.545779
1134864915833211898 29.0136 -15.6117 -0.457946
1134864916043205976 29.1844 -15.6928 -0.396971
1134864916261224985 29.3574 -15.7591 -0.341688
1134864916471246004 29.5321 -15.8114 -0.227831
1134864916681179046 29.7013 -15.858 -0.0528231
1134864916901180028 29.8691 -15.8682 0.172892
1134864917111180067 30.0202 -15.8345 0.413163
1134864917321181058 30.1598 -15.7672 0.660565
1134864917541181087 30.2767 -15.6626 0.906149
1134864917752178907 30.3676 -15.5411 1.12418
1134864917962178945 30.4179 -15.4035 1.35617
1134864918181180000 30.4439 -15.262 1.62303
1134864918391180038 30.4217 -15.1149 1.8565
1134864918602179050 30.3771 -14.9624 2.07139
1134864918821186065 30.3 -14.8195 2.32357
1134864919031177043 30.1877 -14.7008 2.50825
1134864919241174936 30.0496 -14.5952 2.66998
1134864919461179971 29.8978 -14.5112 2.83277
1134864919672179937 29.7325 -14.4683 2.92364
1134864919882181882 29.5545 -14.4324 2.907
1134864920102181911 29.3599 -14.3737 2.85493
1134864920311180114 29.1679 -14.3196 2.75527
1134864920531177997 28.9817 -14.2295 2.64447
1134864920741183996 28.8033 -14.1064 2.56282
1134864920951178073 28.6355 -13.9837 2.5195
1134864921171180963 28.4633 -13.8437 2.51018
1134864921381186962 28.2893 -13.7043 2.46422
1134864921592223882 28.1158 -13.5532 2.46049
1134864921812367916 27.9468 -13.4052 2.46733
1134864922022562980 27.7642 -13.2461 2.47815
1134864922232203006 27.5822 -13.0942 2.53743
1134864922452209949 27.4018 -12.9606 2.63232
1134864922661199092 27.2042 -12.8463 2.65062
1134864922870229959 27.0087 -12.7294 2.58657
1134864923090186119 26.8253 -12.6007 2.50236
1134864923301177978 26.6481 -12.4552 2.42203
1134864923510185003 26.4897 -12.3051 2.39594
1134864923730189085 26.3325 -12.1528 2.39321
1134864923941181898 26.1764 -12.0012 2.40419
1134864924151582956 26.0167 -11.8519 2.43993
1134864924371181964 25.851 -11.7092 2.50864
1134864924581187963 25.6898 -11.5821 2.59587
1134864924791178941 25.5084 -11.466 2.71325
1134864925011183023 25.3315 -11.385 2.82218
1134864925220180034 25.1493 -11.3247 2.94052
1134864925430177927 24.977 -11.2857 3.05384
1134864925651185035 24.8123 -11.2678 -3.10303
1134864925861181974 24.6617 -11.2758 -2.97678
1134864926071207046 24.5103 -11.3005 -2.8509
1134864926291179895 24.3697 -11.3379 -2.71709
1134864926500178098 24.2272 -11.3949 -2.67347
1134864926710175991 24.0928 -11.4544 -2.70422
1134864926931189060 23.9649 -11.5097 -2.7778
1134864927141180038 23.8319 -11.5471 -2.87156
1134864927350179910 23.7068 -11.5732 -2.94602
1134864927570182085 23.5696 -11.5937 -3.01918
1134864927780462980 23.4393 -11.6018 -3.07342
1134864927990185976 23.3075 -11.6055 -3.13359
1134864928211204051 23.1647 -11.6018 3.08448
1134864928420202970 23.0279 -11.586 3.03552
1134864928640203952 22.8736 -11.5628 2.98711
1134864928850204944 22.7231 -11.5316 2.94479
1134864929060199975 22.5707 -11.4967 2.92576
1134864929279222965 22.4175 -11.4568 2.89789
1134864929489219903 22.2603 -11.4079 2.83549
1134864929700180053 22.1028 -11.3476 2.76139
1134864929919184923 21.9497 -11.2779 2.70753
1134864930129178047 21.7931 -11.1982 2.67578
1134864930339179992 21.6309 -11.1103 2.64824
1134864930559176921 21.465 -11.0167 2.59334
1134864930769177913 21.3063 -10.9163 2.51009
1134864930980184078 21.155 -10.8068 2.42214
1134864931199177980 21.0217 -10.6794 2.32532
1134864931409179925 20.9037 -10.542 2.29341
1134864931619187116 20.7836 -10.3933 2.25766
1134864931840179920 20.6792 -10.2144 2.15438
1134864932050190925 20.5924 -10.0436 1.98688
1134864932259186983 20.5303 -9.85095 1.82893
1134864932479177951 20.4886 -9.68075 1.69282
1134864932689181089 20.4766 -9.48819 1.63984
1134864932899183988 20.4702 -9.29281 1.64079
1134864933120182037 20.4663 -9.09451 1.61029
1134864933329178094 20.4648 -8.896 1.58378
1134864933540182113 20.4656 -8.68925 1.64197
1134864933759177923 20.4568 -8.48327 1.70845
1134864933969182014 20.4317 -8.27442 1.80574
1134864934180186033 20.38 -8.06638 1.97749
1134864934400181055 20.3003 -7.87233 2.11355
1134864934610189914 20.1977 -7.68742 2.1667
1134864934819205999 20.0807 -7.50989 2.26289
1134864935039203882 19.9506 -7.34974 2.3878
1134864935249208927 19.8053 -7.21764 2.57926
1134864935459202051 19.6317 -7.10239 2.82743
1134864935679205894 19.4617 -7.05657 3.04275
1134864935888247013 19.2924 -7.04332 -3.02651
1134864936098220109 19.1262 -7.06318 -2.81795
1134864936319183111 18.9756 -7.12154 -2.69141
1134864936528177976 18.8317 -7.1802 -2.70639
1134864936748179912 18.6929 -7.23935 -2.81363
1134864936958188056 18.5481 -7.28015 -2.93698
1134864937168179988 18.3938 -7.29885 -3.025
1134864937388179063 18.239 -7.31176 3.10456
1134864937599189996 18.0796 -7.29925 2.93522
1134864937809541940 17.9239 -7.26514 2.80087
1134864938029181003 17.7664 -7.19606 2.69056
1134864938238179922 17.6143 -7.11762 2.54941
1134864938448179960 17.4761 -7.01047 2.39899
1134864938668179035 17.3624 -6.89516 2.30022
1134864938878185987 17.2607 -6.76491 2.21926
1134864939089179992 17.1502 -6.62287 2.20168
1134864939309181928 17.0631 -6.48725 2.18326
1134864939519722938 16.9771 -6.3457 2.17199
1134864939729928970 16.8891 -6.19255 2.16311
1134864939949183940 16.7932 -6.04105 2.19158
1134864940158178091 16.6884 -5.87813 2.27619
1134864940369187116 16.5674 -5.72031 2.3899
1134864940589186906 16.4124 -5.58321 2.5392
1134864940798181056 16.2491 -5.4654 2.67329
1134864941008183956 16.0579 -5.36451 2.77041
1134864941228189945 15.8569 -5.27756 2.84085
1134864941438203096 15.6526 -5.20892 2.90795
1134864941649210929 15.4191 -5.14778 2.98634
1134864941869208097 15.1874 -5.11129 3.04936
1134864942078222036 14.9407 -5.08552 3.04001
1134864942288216114 14.6954 -5.04924 2.99719
1134864942507225036 14.4413 -5.00383 2.94529
1134864942717204093 14.1911 -4.9465 2.9219
1134864942928189039 13.9383 -4.88397 2.88811
1134864943148178100 13.6935 -4.81403 2.83957
1134864943358179092 13.4533 -4.73194 2.82817
1134864943568181037 13.214 -4.64798 2.83472
1134864943787179946 12.9626 -4.5641 2.83481
1134864943998178958 12.7209 -4.47897 2.85425
1134864944217180013 12.4742 -4.41038 2.92904
1134864944427181005 12.2243 -4.34964 3.00228
1134864944637182950 11.9766 -4.3158 3.04263
1134864944858186960 11.7093 -4.28603 3.11323
1134864945068177938 11.4459 -4.27422 -3.12579
1134864945277183055 11.1886 -4.27071 -3.10083
1134864945498183965 10.9311 -4.27682 -3.10521
1134864945707573890 10.6803 -4.27728 3.13931
1134864945917179107 10.4172 -4.26465 3.08098
1134864946137181043 10.1556 -4.23733 3.03588
1134864946348181009 9.89921 -4.20197 3.00483
1134864946558181047 9.65007 -4.15945 2.96377
1134864946778182983 9.39802 -4.10558 2.91645
1134864946988178968 9.15218 -4.04012 2.84923
1134864947197187900 8.90335 -3.9639 2.73811
1134864947417929887 8.67359 -3.83319 2.59045
1134864947627180099 8.4568 -3.69601 2.42555
1134864947837184906 8.2739 -3.51531 2.21843
1134864948057200908 8.13074 -3.30688 2.00394
1134864948268201112 8.04568 -3.07068 1.82322
1134864948477207899 7.98885 -2.81762 1.71808
1134864948697201013 7.94769 -2.55772 1.69167
1134864948907201051 7.92308 -2.2943 1.66242
1134864949117201089 7.89972 -2.03688 1.58978
1134864949336186885 7.90288 -1.77338 1.52719
1134864949547188043 7.92247 -1.51626 1.51009
1134864949757185935 7.94202 -1.25422 1.5187
1134864949976187944 7.96019 -0.992298 1.51395
1134864950186184883 7.97809 -0.73277 1.49279
1134864950396188020 8.0027 -0.475817 1.45737
1134864950616178035 8.035 -0.213022 1.45371
1134864950826176881 8.07144 0.0490247 1.46051
1134864951036180019 8.10536 0.311031 1.45928
1134864951256176948 8.13785 0.568856 1.4533
1134864951466178894 8.17197 0.826914 1.45179
1134864951677182912 8.19908 1.08087 1.41296
1134864951896187067 8.2416 1.34179 1.3904
1134864952106179952 8.28862 1.6018 1.38484
1134864952316180944 8.3403 1.85538 1.35233
1134864952536178112 8.40637 2.10587 1.26441
1134864952747178077 8.48884 2.346 1.18989
1134864952967184066 8.591 2.58385 1.11642
1134864953176181077 8.70891 2.82156 0.994771
1134864953387183904 8.84956 3.03617 0.877788
1134864953606183052 9.02523 3.23067 0.755628
1134864953816526889 9.23278 3.39633 0.574587
1134864954026180028 9.44708 3.53065 0.398055
1134864954246182918 9.67688 3.62083 0.251506
1134864954456181049 9.92653 3.67084 0.128332
1134864954666202068 10.1823 3.69184 0.0234351
1134864954886217117 10.455 3.69341 -0.0826909
1134864955097204923 10.7145 3.66902 -0.128463
1134864955307203054 10.9872 3.63528 -0.137126
1134864955527208089 11.2512 3.59186 -0.146292
1134864955735229969 11.5151 3.54888 -0.151558
1134864955945632934 11.7716 3.49686 -0.150691
1134864956166179895 12.0374 3.45187 -0.138548
1134864956376182079 12.3066 3.41531 -0.126884
1134864956586178064 12.564 3.38095 -0.115015
1134864956806179046 12.8208 3.34918 -0.112941
1134864957016177892 13.0823 3.31122 -0.131328
1134864957226181983 13.3336 3.26865 -0.118142
1134864957445708990 13.6028 3.23933 -0.101224
1134864957655250072 13.868 3.20726 -0.0937977
1134864957866182088 14.1234 3.17886 -0.0910719
1134864958085177898 14.3915 3.15407 -0.0905975
1134864958295176982 14.6496 3.1276 -0.0870442
1134864958505183935 14.9161 3.10525 -0.0826752
1134864958726181030 15.1816 3.08255 -0.0847086
1134864958935180902 15.4398 3.053 -0.0883614
1134864959146179914 15.6934 3.02624 -0.0751244
1134864959366178989 15.9465 3.0011 -0.0794567
1134864959575190067 16.2092 2.97994 -0.0869182
1134864959785183906 16.4703 2.95298 -0.0952296
1134864960005223989 16.7295 2.92329 -0.0975856
1134864960215181112 16.977 2.89158 -0.102829
1134864960426182031 17.2331 2.86151 -0.112218
1134864960645181894 17.5053 2.82289 -0.119843
1134864960856184005 17.7552 2.79285 -0.131227
1134864961076201915 18.0054 2.75858 -0.133831
1134864961286210060 18.2576 2.71956 -0.131328
1134864961494957923 18.5021 2.68398 -0.142783
1134864961716208934 18.7661 2.63656 -0.13768
1134864961925209045 19.0113 2.59895 -0.136109
1134864962135200023 19.2552 2.56186 -0.121765
1134864962354206085 19.5037 2.52789 -0.0389433
1134864962564191102 19.7416 2.51902 0.061101
1134864962775178909 19.9867 2.52914 0.146186
1134864962995182037 20.2309 2.55903 0.255461
1134864963205185890 20.4607 2.62173 0.357844
1134864963415179014 20.6807 2.7023 0.434727
1134864963634185075 20.8955 2.79345 0.506356
1134864963844181060 21.1059 2.90285 0.534333
1134864964054182052 21.3006 3.02837 0.620568
1134864964274179935 21.4618 3.13653 0.758698
1134864964484183073 21.5991 3.27879 0.869185
1134864964695180892 21.7153 3.43793 1.02279
1134864964915184020 21.7954 3.57958 1.20508
1134864965124180078 21.8459 3.66283 1.34057
1134864965334178924 21.884 3.84104 1.40925
1134864965554182052 21.9071 3.96324 1.4407
1134864965764183044 21.9266 4.05306 1.44618
1134864965975191116 21.9528 4.26054 1.48322
1134864966194180965 21.9643 4.39096 1.51159
1134864966405185937 21.9769 4.51248 1.51234
1134864966614178895 21.9859 4.61697 1.55795
1134864966835184097 21.9912 4.75462 1.65289
1134864967044178009 21.9835 4.85409 1.79223
1134864967255186080 21.9687 4.95684 2.03124
1134864967474180936 21.937 5.02604 2.31782
1134864967684202909 21.8913 5.07566 2.57848
1134864967894224882 21.8505 5.28168 2.83864
1134864968114198923 21.8129 5.64049 -3.11482
1134864968324204921 21.7513 5.78316 -2.79059
1134864968534200906 21.6987 5.94585 -2.43249
1134864968753226995 21.6746 6.12862 -2.04617
1134864968963212966 21.7131 7.02482 -1.73871
1134864969174189090 21.5977 5.77628 -1.60192
1134864969393179893 21.6481 6.25789 -1.49075
